% -------------------------------------------------------------------
%  Generated by MATLAB on 9-Oct-2019 15:41:12
%  MATLAB version: 9.6.0.1099231 (R2019a) Update 1
% -------------------------------------------------------------------
                                          

bestPath = [2 4 5 1 9 15 10 11 12 18 21 24 31 34 33 39 41 45 42 43 37 38 ...
            35 27 49 50 44 47 46 48 40 36 32 29 30 26 25 23 19 16 22 28 ...
            20 13 14 17 8 7 3 6];

