% -------------------------------------------------------------------
%  Generated by MATLAB on 8-Oct-2019 11:01:03
%  MATLAB version: 9.6.0.1099231 (R2019a) Update 1
% -------------------------------------------------------------------
                                          

bestPath = [5 4 2 1 9 15 10 11 12 6 3 7 8 13 14 17 16 19 23 26 25 18 21 ...
            24 31 33 34 39 41 45 42 43 38 35 37 49 50 44 47 46 48 40 36 ...
            32 29 30 22 28 20 27];

