% -------------------------------------------------------------------
%  Generated by MATLAB on 13-Oct-2019 23:45:44
%  MATLAB version: 9.6.0.1174912 (R2019a) Update 5
% -------------------------------------------------------------------
                                          

bestPath = [47 46 48 40 36 32 29 30 26 23 19 16 22 28 20 17 14 13 8 7 3 ...
            6 12 11 10 5 4 2 1 9 15 27 24 21 18 25 31 34 33 39 42 43 37 ...
            38 35 49 50 45 41 44];

