% -------------------------------------------------------------------
%  Generated by MATLAB on 9-Oct-2019 10:40:11
%  MATLAB version: 9.6.0.1099231 (R2019a) Update 1
% -------------------------------------------------------------------
                                          

bestPath = [4 5 1 9 15 27 35 38 37 43 50 49 45 42 39 41 44 47 46 48 40 ...
            36 32 29 30 26 23 19 16 22 28 20 13 14 17 8 7 3 6 12 18 21 ...
            24 31 34 33 25 11 10 2];

