% -------------------------------------------------------------------
%  Generated by MATLAB on 8-Oct-2019 12:38:36
%  MATLAB version: 9.6.0.1099231 (R2019a) Update 1
% -------------------------------------------------------------------
                                          

bestPath = [11 10 5 4 2 1 9 15 24 21 18 12 6 3 7 8 13 20 17 14 16 22 19 ...
            23 26 25 30 32 29 28 36 40 48 46 47 44 41 39 42 45 50 49 43 ...
            38 35 37 34 31 33 27];

