% -------------------------------------------------------------------
%  Generated by MATLAB on 7-Oct-2019 10:11:39
%  MATLAB version: 9.6.0.1174912 (R2019a) Update 5
% -------------------------------------------------------------------
                                          

bestPath = [2 4 5 1 9 15 10 11 12 6 3 7 8 13 14 17 16 19 23 26 25 18 21 ...
            24 31 34 33 39 41 45 42 43 37 38 35 27 49 50 44 47 46 48 40 ...
            36 32 29 30 22 28 20];

