% -------------------------------------------------------------------
%  Generated by MATLAB on 16-Oct-2019 07:14:28
%  MATLAB version: 9.6.0.1099231 (R2019a) Update 1
% -------------------------------------------------------------------
                                             

bestPath = [23 26 30 29 32 36 40 48 46 47 44 41 39 42 45 50 49 43 37 38 ...
            35 27 15 9 5 1 4 2 10 11 21 24 31 34 33 25 18 12 6 3 7 8 13 ...
            14 17 20 28 22 16 19];

