% -------------------------------------------------------------------
%  Generated by MATLAB on 8-Oct-2019 17:10:14
%  MATLAB version: 9.6.0.1099231 (R2019a) Update 1
% -------------------------------------------------------------------
                                          

bestPath = [2 1 5 4 9 15 27 35 38 37 43 42 39 41 45 50 49 44 47 46 48 40 ...
            36 32 29 30 26 23 19 16 22 28 20 13 14 17 8 7 3 6 12 18 21 ...
            24 31 34 33 25 11 10];

