% -------------------------------------------------------------------
%  Generated by MATLAB on 12-Oct-2019 05:38:42
%  MATLAB version: 9.6.0.1174912 (R2019a) Update 5
% -------------------------------------------------------------------
                                            

bestChromosome = [3 3 1 7 4 5 1 2 4 2 7 3 4 2 7 3 4 5 3 2 1 3 5 3 1 3 5 ...
                  3 3 3 5 1 4 5 3 2 1 3 5 3 1 3 5 3 3 3 5 1 4 2 7 3 1 2 ...
                  7 3 4 5 3 2 1 3 5 3 3 3 5 1 4 2 7 3 2 1 2 6 4 5 1 2 4 ...
                  1 6 5 3 3 5 3 3 2 6 7];

