% -------------------------------------------------------------------
%  Generated by MATLAB on 12-Oct-2019 10:40:37
%  MATLAB version: 9.6.0.1174912 (R2019a) Update 5
% -------------------------------------------------------------------
                                             

totalBestChromosome = [2 5 4 6 3 2 5 8 2 2 5 8 4 4 6 2 4 4 1 2 2 5 4 6 ...
                       3 2 5 1 4 4 1 2 2 5 4 6 3 2 5 1 4 4 1 2 2 5 4 6 ...
                       3 2 5 8 4 4 1 2 4 5 4 6 4 4 6 2 3 2 5 8 4 4 4 2 ...
                       3 1 4 6 2 5 1 5 3 2 5 8 4 4 6 2 3 2 5 8 3 1 4 6 ...
                       3 4 1 6];

