% -------------------------------------------------------------------
%  Generated by MATLAB on 16-Oct-2019 07:13:49
%  MATLAB version: 9.6.0.1174912 (R2019a) Update 5
% -------------------------------------------------------------------
                                           

bestPath = [17 14 13 8 7 3 6 12 18 25 26 23 19 16 22 29 30 33 34 31 24 ...
            21 11 10 2 4 5 1 9 15 27 35 38 37 43 50 49 45 42 39 41 44 47 ...
            46 48 40 36 32 28 20];

