% -------------------------------------------------------------------
%  Generated by MATLAB on 8-Oct-2019 11:02:19
%  MATLAB version: 9.6.0.1099231 (R2019a) Update 1
% -------------------------------------------------------------------
                                          

bestPath = [2 4 5 1 9 15 27 35 38 37 43 50 49 45 42 39 34 33 41 44 47 46 ...
            48 40 36 32 29 30 26 25 18 12 6 3 7 8 13 14 17 20 28 22 23 ...
            19 16 24 31 21 11 10];

