% -------------------------------------------------------------------
%  Generated by MATLAB on 10-Oct-2019 10:16:53
%  MATLAB version: 9.6.0.1099231 (R2019a) Update 1
% -------------------------------------------------------------------
                                          

bestPath = [49 50 43 42 45 41 39 34 33 31 24 21 18 25 26 23 19 16 22 29 ...
            32 36 40 48 46 47 44 30 28 20 13 14 17 8 7 3 6 12 11 10 2 4 ...
            5 1 9 15 27 35 38 37];

