% -------------------------------------------------------------------
%  Generated by MATLAB on 12-Oct-2019 16:55:27
%  MATLAB version: 9.6.0.1174912 (R2019a) Update 5
% -------------------------------------------------------------------
                                            

bestChromosome = [4 2 4 5 4 3 1 5 4 3 2 5 1 2 6 5 1 2 5 5 4 3 4 3 4 3 2 ...
                  5 4 3 4 3 1 2 3 5 4 3 4 3 4 3 2 1 1 2 3 1 4 3 2 1 1 2 ...
                  3 5 1 2 3 5 4 3 4 3 4 3 2 1 1 2 3 5 4 3 4 3 4 3 2 1 1 ...
                  2 3 6 1 3 3 5 4 1 4 3 2 1 1 5 1 2 1 3];

