% -------------------------------------------------------------------
%  Generated by MATLAB on 12-Oct-2019 16:57:05
%  MATLAB version: 9.6.0.1174912 (R2019a) Update 5
% -------------------------------------------------------------------
                                             

totalBestChromosome = [4 3 2 5 1 2 6 5 1 2 1 5 1 2 1 5 2 1 2 5 4 3 2 5 ...
                       4 3 4 2 1 2 3 5 1 2 3 6 3 2 3 5 4 3 4 3 4 3 2 1 ...
                       1 2 3 5 3 2 3 4 4 3 4 6 4 3 2 1 1 2 3 5 4 3 4 3 ...
                       4 3 2 1 1 2 3 6 4 3 4 3 1 3 3 5 4 1 4 3 4 1 1 5 ...
                       1 2 1 3];

