% -------------------------------------------------------------------
%  Generated by MATLAB on 8-Oct-2019 13:03:10
%  MATLAB version: 9.6.0.1099231 (R2019a) Update 1
% -------------------------------------------------------------------
                                          

bestPath = [2 1 5 4 9 15 10 11 21 24 31 34 33 39 42 43 37 38 35 27 49 50 ...
            45 41 44 47 46 48 40 36 32 29 30 26 25 18 19 23 22 16 17 14 ...
            28 20 13 8 7 3 6 12];

