% -------------------------------------------------------------------
%  Generated by MATLAB on 11-Oct-2019 19:25:46
%  MATLAB version: 9.6.0.1174912 (R2019a) Update 5
% -------------------------------------------------------------------
                                         

bestChromosome = [1 2 1 1 1 2 5 1 3 2 6 2 4 2 3 1 1 2 1 3 3 3 2 1 4 2 2 ...
                  2 4 2 5 1 4 1 5 2 1 3 4 3 2 2 2 3 2 3 4 3 1 3 4 2 1 3 ...
                  2 1 1 3 4 2 1 2 2 3 4 2 5 1 1 2 1 3 1 3 5 1 1 3 4 3 4 ...
                  1 4 2 4 2 5 1 1 3 4 3 1 2 1 3 4 1 4 2];

