% -------------------------------------------------------------------
%  Generated by MATLAB on 15-Oct-2019 22:23:34
%  MATLAB version: 9.6.0.1174912 (R2019a) Update 5
% -------------------------------------------------------------------
                                          

bestPath = [50 43 42 45 41 39 34 33 31 24 21 18 25 26 23 19 16 22 29 32 ...
            36 40 48 46 47 44 30 28 20 17 14 13 8 7 3 6 12 11 10 2 4 5 ...
            1 9 15 27 35 38 37 49];

